0.1442386358976364 -0.8943709135055542 -0.575375497341156 0.8235703706741333 0.4237977862358093 -1.2855123281478882 -0.11394426971673965 1.6590806245803833 0.6688035726547241 -2.1339144706726074 1.0928608179092407 1.958884358406067 -0.5253294706344604 -0.7504809498786926 -0.258212685585022 -0.3402569890022278 -0.1426607072353363 -0.06463487446308136 1.1550933122634888 0.12074951082468033 -0.15754875540733337 -2.4877686500549316 1.0587458610534668 0.11154961585998535
0.3244452476501465 -0.4433998763561249 -1.5940184593200684 0.47619253396987915 0.11252982914447784 1.1537665128707886 0.26939451694488525 -0.6593281030654907 1.0890508890151978 -1.3652844429016113 0.08938857167959213 -1.1407432556152344 0.6342016458511353 0.752985954284668 0.70146644115448 0.9003672003746033 -0.8849014043807983 -0.7510136961936951 -0.8324379920959473 0.3498452603816986 -0.8907443284988403 1.2680494785308838 0.7916519641876221 -1.67680823802948
1.7237484455108643 -1.0363926887512207 -0.9294007420539856 1.0300674438476562 0.045806024223566055 -0.06198641285300255 -1.0291495323181152 0.8083666563034058 -0.24509574472904205 -0.10923227667808533 0.9774883985519409 -0.10251332074403763 0.7447464466094971 0.24976485967636108 0.03795866295695305 -0.7656076550483704 -0.8128781914710999 -1.1982110738754272 -0.4453246295452118 1.6920933723449707 -0.3761773109436035 0.9036392569541931 0.8536393046379089 0.06982161104679108
-0.5540302991867065 -1.4298325777053833 -0.6574541330337524 -0.3349646031856537 0.08102892339229584 2.182993173599243 -1.2537379264831543 -1.4454641342163086 0.6713296175003052 -1.4407963752746582 -1.1873542070388794 -0.46332505345344543 0.3656618297100067 -1.465071678161621 -0.27102670073509216 -1.4424813985824585 -2.2521133422851562 0.08149636536836624 1.024099349975586 -0.9024611711502075 -1.059061050415039 -0.041167963296175 0.12101014703512192 0.4903829097747803
-0.5423482060432434 1.5194436311721802 1.7290301322937012 -2.4737420082092285 -1.4483094215393066 0.09934050589799881 0.22497113049030304 1.233576774597168 -1.7224642038345337 0.6644706130027771 0.3497183918952942 -0.006284399423748255 0.24269816279411316 0.25011780858039856 -0.0656694546341896 -0.28948888182640076 1.597580075263977 -0.8073152303695679 -1.1553857326507568 -0.2570338547229767 1.237904667854309 -0.23047778010368347 0.9392704963684082 -1.2483792304992676
-0.6212067604064941 0.020382003858685493 -0.657941997051239 -0.12131321430206299 -0.43542879819869995 -0.7508531212806702 0.18470847606658936 1.0859928131103516 -0.6098523139953613 0.39052441716194153 0.44227635860443115 0.27117791771888733 -0.31191501021385193 -0.9676393866539001 -1.1716474294662476 1.6083476543426514 -0.13234588503837585 -0.8963207006454468 1.0913704633712769 1.725630283355713 0.8034335374832153 1.347082257270813 0.7221015095710754 -2.3459243774414062
0.2473900020122528 -0.743310809135437 1.5010300874710083 -0.48625969886779785 1.1922587156295776 -0.5406963229179382 0.3492441773414612 -0.39805522561073303 0.9253436326980591 -1.0156947374343872 -0.25265491008758545 -1.7121801376342773 -0.9429904222488403 1.592143177986145 0.9485515356063843 1.0785397291183472 0.3690252900123596 -0.1413211226463318 -0.6241703629493713 0.26720497012138367 1.4661210775375366 0.4352516531944275 0.7217605113983154 1.0092096328735352
-0.12699860334396362 1.057893991470337 -1.5680572986602783 1.8767660856246948 -0.11669941991567612 -1.2783664464950562 0.391691118478775 1.491140365600586 0.3198792040348053 0.27895787358283997 1.0700284242630005 1.7780404090881348 0.08763043582439423 0.691581130027771 0.74348384141922 -0.003943415358662605 0.44239625334739685 -0.06709269434213638 0.4552799165248871 -3.153733491897583 -0.4237504303455353 -1.8773541450500488 -1.3205147981643677 0.1688915491104126
1.8741005659103394 -0.2938605844974518 -0.5367754697799683 0.23482070863246918 0.4355425536632538 -1.0852971076965332 -1.090462565422058 0.16892434656620026 -1.621972918510437 0.3002619445323944 0.3560806214809418 0.9134411215782166 -1.0099573135375977 -0.682511031627655 -2.0644397735595703 -0.026832340285182 0.404720664024353 0.5529118180274963 -2.003687620162964 -0.7484660744667053 0.6865886449813843 -0.20100633800029755 0.3760071098804474 1.166870355606079
0.23273900151252747 -0.43770042061805725 1.1491538286209106 0.31579577922821045 0.4878377914428711 1.8357495069503784 1.3261977434158325 0.5039125680923462 1.4680674076080322 0.11609434336423874 0.9651066064834595 -1.3968521356582642 -1.2676823139190674 0.6881847381591797 1.3652747869491577 0.09871619939804077 -0.8935250043869019 1.4245212078094482 1.7018932104110718 0.5588386654853821 -0.7741353511810303 1.4433451890945435 0.5592368841171265 0.4826182723045349
0.3436734080314636 -0.6146732568740845 -1.9835149049758911 -0.7591320872306824 -0.5616211295127869 -0.5565500259399414 0.30969494581222534 -0.7494577765464783 -0.09811723977327347 -0.12732461094856262 0.03922972083091736 -1.510063648223877 -1.1896802186965942 -1.9790104627609253 0.33696699142456055 -0.8016052842140198 -0.3067505657672882 2.044760227203369 1.2401683330535889 -0.07355741411447525 1.1338551044464111 -0.5396385192871094 0.6278243064880371 0.2512975335121155
-0.05683599039912224 1.0055947303771973 -0.1160973310470581 -0.09022977948188782 -0.8406606316566467 0.6743688583374023 -0.09416317194700241 -0.9564035534858704 0.9633225798606873 -0.8021714091300964 1.418393850326538 0.49397987127304077 -0.35877755284309387 -1.6299567222595215 1.1766068935394287 -1.5137971639633179 -1.2523161172866821 -0.36238887906074524 0.26791802048683167 -2.084284543991089 0.8945047855377197 0.8965522646903992 -0.32060086727142334 0.17387321591377258
0.452859103679657 1.2480710744857788 -0.4089283049106598 -0.8483550548553467 0.3845604956150055 -1.777302861213684 -0.27700844407081604 0.10808412730693817 0.6126354336738586 -0.0742058977484703 1.5104557275772095 1.0349197387695312 -1.2984986305236816 -1.6176824569702148 -0.2630806565284729 0.9185610413551331 0.430925190448761 0.03171948343515396 -0.08806873112916946 -0.8973370790481567 -0.20709799230098724 -1.7226401567459106 -0.14326734840869904 1.1899096965789795
-0.9798861145973206 0.4983299970626831 0.022775866091251373 0.5014822483062744 -1.5311471223831177 0.7284048795700073 0.24335670471191406 -1.228363037109375 -0.8079869747161865 -0.19525372982025146 -2.128479242324829 -0.2781350314617157 0.6991573572158813 -1.2685906887054443 0.5693984031677246 0.2538856863975525 0.37010565400123596 -1.5890518426895142 -0.6211668848991394 0.5353280305862427 -0.78059321641922 1.1921974420547485 -2.0144433975219727 -0.5846142172813416
0.2790156900882721 -1.1484880447387695 -0.6887835264205933 0.389919251203537 -0.9647738933563232 -0.340815931558609 -0.06790482252836227 -1.4573974609375 2.4843952655792236 -0.12412051111459732 0.7768323421478271 -1.1205390691757202 0.883081316947937 -0.8729544281959534 -0.45367926359176636 -3.0805163383483887 -0.7827315926551819 -0.5968062281608582 -0.019851425662636757 -1.3283039331436157 0.46152108907699585 -0.05809386447072029 -1.060038447380066 0.2381446659564972
0.2921467125415802 -1.0021401643753052 -1.3264628648757935 0.16959810256958008 -0.4778393507003784 -1.3807793855667114 1.0051039457321167 -0.7402022480964661 -1.2410809993743896 -0.5942464470863342 0.6320428252220154 -0.6340838670730591 1.564935564994812 0.20358781516551971 0.10895796120166779 -0.13942785561084747 -1.4023734331130981 1.1861168146133423 0.5093187093734741 0.061031121760606766 0.745357096195221 0.8685566186904907 -0.4226491153240204 0.5316097140312195
-0.4722139835357666 -0.7847868800163269 1.2153154611587524 1.3184223175048828 0.3334212601184845 -0.17801572382450104 -0.24155952036380768 -1.5360807180404663 -0.7825783491134644 -1.5243170261383057 -0.994440495967865 -1.783211350440979 0.9473191499710083 2.3085575103759766 0.6684435606002808 -1.2812893390655518 1.5214344263076782 -1.8481382131576538 -0.5879064202308655 -0.05854066461324692 0.9838306307792664 0.013922441750764847 0.2763102352619171 -0.8283305168151855
1.2961419820785522 1.1801916360855103 -0.4323679804801941 -0.2867303490638733 -0.07044008374214172 -1.117719054222107 1.6171663999557495 0.18580938875675201 -0.21561077237129211 0.5134203433990479 -0.8559445738792419 -0.45496222376823425 0.9542384743690491 -0.8945260047912598 1.3082133531570435 -1.0309536457061768 -1.006651759147644 -1.671842098236084 -1.5513709783554077 -1.5257142782211304 0.2240915447473526 -1.0585130453109741 0.607036828994751 -2.0852203369140625
0.5315873026847839 0.8283984661102295 -0.16571517288684845 2.0791404247283936 -1.4122555255889893 -0.8018011450767517 0.34954068064689636 -0.2761666476726532 -0.2365429699420929 0.5868955850601196 0.11070777475833893 0.5710214972496033 -0.5940766930580139 0.4315344989299774 0.13296081125736237 1.0313270092010498 0.09027164429426193 1.3041021823883057 -0.4127165675163269 -0.29754337668418884 -1.5150226354599 -0.09204114973545074 -0.4389111399650574 -0.5027421116828918
0.0816023051738739 -0.9292852878570557 -0.48565545678138733 -0.9848934412002563 0.9714566469192505 -0.7089723944664001 0.48401644825935364 0.25149473547935486 0.4678269028663635 -0.7729523777961731 0.3491690158843994 0.7088525891304016 0.8952754139900208 -1.0772461891174316 0.2869364619255066 0.6116552352905273 0.7460235357284546 -0.77630615234375 0.4717608094215393 -0.43582993745803833 -1.1117379665374756 -1.0472859144210815 0.06377710402011871 -0.776638925075531
-0.40732112526893616 -1.6656694412231445 1.128989338874817 -0.9843454360961914 -2.127164363861084 0.009747707284986973 -0.7462226748466492 0.36440086364746094 0.5128730535507202 -1.3147659301757812 0.7023282051086426 -1.445067286491394 2.4160146713256836 1.0775659084320068 1.1134552955627441 -1.3018327951431274 -1.5585793256759644 -0.5581824779510498 1.784359097480774 -0.9060832262039185 -0.1593361645936966 -0.7756307125091553 -1.974886178970337 -1.0152685642242432
-0.23111596703529358 0.4494239091873169 1.758859634399414 0.380167156457901 -1.2526661157608032 0.31269463896751404 -1.2972288131713867 -0.6217363476753235 -1.6915030479431152 1.503284215927124 -1.7449275255203247 1.6487765312194824 -0.4386442303657532 -1.1031410694122314 0.3234354853630066 -1.841825008392334 -0.5180045366287231 -0.5548945665359497 -0.8190304040908813 1.4023019075393677 1.0633316040039062 -0.4667905867099762 -0.1555427461862564 -1.4053539037704468
-1.6484155654907227 0.5578659176826477 -0.05049622058868408 -0.009214196354150772 -0.006070252973586321 -0.24958814680576324 1.022834300994873 -1.2816122770309448 -0.30984964966773987 0.9319925308227539 0.1248646154999733 -1.0750000476837158 -0.2137274146080017 -0.8754462599754333 -0.0027696206234395504 1.1474672555923462 -0.21046403050422668 0.46114256978034973 -1.2050236463546753 -0.36404913663864136 0.5562635660171509 -0.5173351764678955 -0.17159181833267212 -0.09180377423763275
0.6323581337928772 -0.9198840260505676 -0.5818049311637878 0.3949609398841858 -2.041001796722412 0.7910146117210388 1.1653430461883545 -0.5394193530082703 0.7511558532714844 -0.7300605177879333 0.45335546135902405 0.511199414730072 0.6044904589653015 1.0564703941345215 -1.0956112146377563 -1.1232597827911377 0.38224729895591736 1.5261075496673584 0.9888150095939636 -1.4409639835357666 -1.7007914781570435 1.4791277647018433 -0.5694227814674377 -0.4605766832828522