0.6652026176452637 0.23669758439064026 -0.5921789407730103 0.04918160289525986 0.5591069459915161 0.33757856488227844 -0.7125457525253296 0.3855523467063904 -0.44016745686531067 1.3180911540985107 
0.012133798561990261 -0.6274932026863098 -2.0079193115234375 -0.4497993290424347 2.1908116340637207 2.166552782058716 1.6920838356018066 1.8096188306808472 0.6478859782218933 -0.39073529839515686 
0.23123788833618164 -0.015057560056447983 0.91688472032547 -0.3590187728404999 -0.0010679715778678656 0.5432837009429932 -0.0008358682971447706 -1.2984282970428467 0.12349102646112442 0.3231866955757141 
-0.8109402060508728 0.4445290267467499 1.1542001962661743 -0.42720842361450195 -0.788535475730896 1.4941105842590332 0.014843540266156197 -2.498175859451294 -0.39534059166908264 0.7012310028076172 
-0.823887050151825 0.701148509979248 0.9749637842178345 0.1730404794216156 1.635005235671997 -1.7546480894088745 -1.729658842086792 0.7813096642494202 0.36095818877220154 -0.07637936621904373 
0.9319584965705872 0.1461717039346695 -0.6219093799591064 -1.3672600984573364 1.2384333610534668 0.1720360368490219 -2.3826441764831543 0.09556291252374649 -0.7447256445884705 0.2859642207622528 
1.3157172203063965 0.42452070116996765 -0.5347481966018677 2.1950080394744873 1.6191552877426147 0.6552006602287292 0.5878729820251465 -2.030810594558716 0.8737987279891968 -0.796552300453186 
0.12395131587982178 -0.5499707460403442 0.8313932418823242 0.9981266260147095 -0.9301983118057251 1.9605917930603027 -0.5103405714035034 1.3708220720291138 1.9483307600021362 0.7875049114227295 
1.2940703630447388 -0.6380828022956848 -0.10185754299163818 1.2148534059524536 0.16548888385295868 -0.16509681940078735 0.8326216340065002 -0.19485680758953094 -0.9760335087776184 -0.6528939604759216 
-2.035395860671997 0.5444942116737366 -0.5422463417053223 0.8657907247543335 0.9326888918876648 0.5455155372619629 0.6818451881408691 0.33380597829818726 -2.044720411300659 -0.8776710033416748 
